-30
-324
0
18
-280
0
40
-243
0
81
-230
0
123
-235
5
165
-246
0
208
-250
0
247
-237
0
265
-198
0
249
-158
-5
213
-135
0
171
-124
0
129
-124
0
87
-134
0
56
-164
0
13
-164
0
-26
-145
0
-68
-135
0
-105
-156
0
-132
-190
0
-158
-224
4
-189
-254
0
-230
-265
0
-268
-246
0
-287
-208
-4
-307
-170
0
-280
-136
0
-247
-110
0
-210
-88
0
-168
-78
0
-125
-73
0
-83
-69
0
-43
-52
0
-2
-43
0
40
-33
0
83
-29
0
125
-24
0
166
-12
0
207
1
0
236
33
0
246
75
0
247
118
0
235
159
4
221
199
0
197
235
0
163
207
0
141
170
-4
113
137
0
87
103
0
62
68
0
30
39
0
-9
21
0
-51
11
0
-88
32
4
-120
61
0
-153
89
0
-187
65
0
-212
29
-4
-243
-1
0
-284
-12
0
-302
27
0
-278
63
0
-261
103
0
-226
128
0
-189
150
0
-147
158
0
-105
147
0
-63
136
0
-21
127
0
4
161
3
-18
199
0
12
229
0
50
207
-3
87
229
0
100
270
0
63
299
0